$ 1 0.000005 10.20027730826997 66 5 43
r 256 176 320 176 0 22000
s 192 176 256 176 0 0 false
r 400 176 464 176 0 4700
r 464 176 528 176 0 1000
r 464 176 464 240 0 43000
r 528 176 528 240 0 24000
d 320 176 400 176 2 default
g 528 240 528 272 0
g 320 240 320 272 0
r 320 176 320 240 0 3300
R 192 176 144 176 0 0 40 50 0 0 0.5
R 464 304 464 336 0 0 40 5 0 0 0.5
w 528 176 528 96 0
r 320 112 320 176 0 3300
w 464 176 464 96 0
p 464 96 416 96 1 0 0
p 528 96 528 48 1 0 0
p 320 112 320 64 1 0 0
s 464 240 464 304 0 1 false
d 320 112 256 112 2 default
R 256 112 208 112 0 0 40 3.3 0 0 0.5
s 464 32 464 96 0 1 false
g 464 32 464 0 0
r 784 96 848 96 0 22000
r 848 128 784 128 0 6000
R 784 96 736 96 0 0 40 15.4 0 0 0.5
g 784 128 752 128 0
w 848 128 848 96 0
p 848 96 912 96 1 0 0
d 848 160 784 160 2 default
R 784 160 736 160 0 0 40 3.3 0 0 0.5
w 848 160 848 128 0
w 832 288 832 256 0
R 768 288 720 288 0 0 40 3.3 0 0 0.5
d 832 288 768 288 2 default
p 832 224 896 224 1 0 0
w 832 256 832 224 0
g 768 256 736 256 0
R 768 224 720 224 0 0 40 20 0 0 0.5
r 832 256 768 256 0 6000
r 768 224 832 224 0 22000
o 0 64 0 4099 160 0.0125 0 2 0 3
38 0 0 1 101 Resistance
38 10 0 12 100 Voltage
38 25 0 0 20 Voltage
