$ 1 0.000005 18.278915558614752 72 5 43
a 304 208 432 208 8 15 -15 1000000 0.0058821113242875575 0.005882611303750122 100000
r 384 128 304 128 0 7500
r 240 192 144 176 0 1000
r 240 224 144 240 0 1500
r 304 224 304 288 0 24000
w 240 224 272 224 0
w 272 224 304 224 0
w 240 192 272 192 0
w 272 192 304 192 0
r 144 240 144 176 0 0.002
w 304 192 304 128 0
w 384 128 432 128 0
w 432 128 432 208 0
i 144 320 144 240 0 -100
g 144 320 144 352 0
p 432 208 432 272 1 0 0
p 240 224 240 272 1 0 0
p 240 192 240 128 1 0 0
w 144 176 144 144 0
g 144 144 144 112 0
g 240 128 240 112 0
g 432 272 432 352 0
g 240 272 240 352 0
g 640 288 640 368 0
g 832 288 832 368 0
g 640 144 640 128 0
g 544 160 544 128 0
w 544 192 544 160 0
p 640 208 640 144 1 0 0
p 640 240 640 288 1 0 0
p 832 224 832 288 1 0 0
g 544 336 544 368 0
i 544 336 544 256 0 0
w 832 144 832 224 0
w 784 144 832 144 0
w 704 208 704 144 0
r 544 256 544 192 0 0.002
w 672 208 704 208 0
w 640 208 672 208 0
w 672 240 704 240 0
w 640 240 672 240 0
r 704 240 704 304 0 24000
r 640 240 544 256 0 1500
r 640 208 544 192 0 1000
r 784 144 704 144 0 7500
a 704 224 832 224 8 15 -15 1000000 0.19410139203909704 0.19411789065742036 100000
g 1040 288 1040 368 0
g 1232 288 1232 368 0
g 1040 144 1040 128 0
g 944 160 944 128 0
w 944 192 944 160 0
p 1040 208 1040 144 1 0 0
p 1040 240 1040 288 1 0 0
p 1232 224 1232 288 1 0 0
g 944 336 944 368 0
i 944 336 944 256 0 100
w 1232 144 1232 224 0
w 1184 144 1232 144 0
w 1104 208 1104 144 0
r 944 256 944 192 0 0.002
w 1072 208 1104 208 0
w 1040 208 1072 208 0
w 1072 240 1104 240 0
w 1040 240 1072 240 0
r 1104 240 1104 304 0 24000
r 1040 240 944 256 0 1500
r 1040 208 944 192 0 1000
r 1184 144 1104 144 0 7500
a 1104 224 1232 224 8 15 -15 1000000 0.38232067275433207 0.3823531700115162 100000
R 304 288 304 320 0 0 40 3.3 0 0 0.5
R 704 304 704 336 0 0 40 3.3 0 0 0.5
R 1104 304 1104 336 0 0 40 3.3 0 0 0.5
38 13 0 -100 100 Current
38 32 0 -100 100 Current
38 55 0 -100 100 Current
