$ 1 0.000005 18.278915558614752 72 5 43
g 240 272 240 352 0
g 432 272 432 352 0
g 240 128 240 112 0
g 144 144 144 112 0
w 144 176 144 144 0
p 240 192 240 128 1 0 0
p 240 224 240 272 1 0 0
p 432 208 432 272 1 0 0
g 144 320 144 352 0
i 144 320 144 240 0 -100
w 432 128 432 208 0
w 384 128 432 128 0
w 304 192 304 128 0
r 144 240 144 176 0 0.002
w 272 192 304 192 0
w 240 192 272 192 0
w 272 224 304 224 0
w 240 224 272 224 0
r 304 224 304 288 0 24000
r 240 224 144 240 0 3000
r 240 192 144 176 0 3000
r 384 128 304 128 0 24000
a 304 208 432 208 8 15 -15 1000000 0.0055533442491771026 0.005553844050159529 100000
a 704 208 832 208 8 15 -15 1000000 0.18331511029928713 0.18333160865921405 100000
r 784 128 704 128 0 24000
r 640 192 544 176 0 3000
r 640 224 544 240 0 3000
r 704 224 704 288 0 24000
w 640 224 672 224 0
w 672 224 704 224 0
w 640 192 672 192 0
w 672 192 704 192 0
r 544 240 544 176 0 0.002
w 704 192 704 128 0
w 784 128 832 128 0
w 832 128 832 208 0
i 544 320 544 240 0 0
g 544 320 544 352 0
p 832 208 832 272 1 0 0
p 640 224 640 272 1 0 0
p 640 192 640 128 1 0 0
w 544 176 544 144 0
g 544 144 544 112 0
g 640 128 640 112 0
g 832 272 832 352 0
g 640 272 640 352 0
a 1104 208 1232 208 8 15 -15 1000000 0.36107687634939706 0.36110937326826853 100000
r 1184 128 1104 128 0 24000
r 1040 192 944 176 0 3000
r 1040 224 944 240 0 3000
r 1104 224 1104 288 0 24000
w 1040 224 1072 224 0
w 1072 224 1104 224 0
w 1040 192 1072 192 0
w 1072 192 1104 192 0
r 944 240 944 176 0 0.002
w 1104 192 1104 128 0
w 1184 128 1232 128 0
w 1232 128 1232 208 0
i 944 320 944 240 0 100
g 944 320 944 352 0
p 1232 208 1232 272 1 0 0
p 1040 224 1040 272 1 0 0
p 1040 192 1040 128 1 0 0
w 944 176 944 144 0
g 944 144 944 112 0
g 1040 128 1040 112 0
g 1232 272 1232 352 0
g 1040 272 1040 352 0
w 304 288 304 400 0
w 1104 400 1104 288 0
w 704 288 704 400 0
w 704 400 304 400 0
w 704 400 1104 400 0
a 1328 208 1456 208 8 15 -15 1000000 1.6499835001649983 1.65 100000
w 1456 208 1456 400 0
w 144 240 128 240 0
w 544 240 528 240 0
w 944 240 928 240 0
w 1328 192 1296 192 0
w 1296 192 1296 400 0
w 1104 400 1296 400 0
w 1296 400 1456 400 0
r 1328 272 1328 336 0 51000
r 1376 272 1376 336 0 51000
w 1328 224 1328 272 0
w 1328 272 1376 272 0
g 1328 336 1328 352 0
R 1376 336 1376 368 0 0 40 3.3 0 0 0.5
p 1456 208 1456 160 1 0 0
38 9 0 -100 100 Current
38 36 0 -100 100 Current
38 59 0 -100 100 Current
